11111111111111111111111111111111
10000000000000000000000000000001
10111100111100110011110011110001
10100100100100100010010010010001
10111100111100110011110011110001
10000000000000000000000000000001
10011100111000111000111001110001
10010100101000101000101001010001
10011100111000111000111001110001
10000000000000000000000000000001
11100111001111110011100111000001
10000101000011000010100001000001
10000111000011000011100001000001
10000000000000000000000000000001
10000000000000000000000000000001
11111111111111111111111111111111